start=3452.115333
sub-delay=-0.100000
